300
0.0,0.42148134805796467
0.5016722408026756,2.0444330105736372
1.0033444816053512,6.290888751445305
1.5050167224080266,5.578636269967319
2.0066889632107023,7.130565633401526
2.508361204013378,10.858855582037739
3.0100334448160533,10.191212006525475
3.511705685618729,17.957915535725427
4.013377926421405,22.694969829306217
4.51505016722408,24.20847012063656
5.016722408026756,20.078983433696568
5.518394648829432,22.798812774701844
6.020066889632107,24.93595981474175
6.521739130434782,28.00240637254159
7.023411371237458,36.91364369403361
7.525083612040134,31.181944738693865
8.02675585284281,33.080542721370385
8.528428093645484,34.158094850438545
9.03010033444816,40.25071785569931
9.531772575250836,41.243077945270265
10.033444816053512,42.00226596389526
10.535117056856187,41.479157527178714
11.036789297658864,49.513268883568735
11.538461538461538,52.76912693096457
12.040133779264213,49.80286113525843
12.54180602006689,51.043822934492816
13.043478260869565,59.2646790891218
13.545150501672241,53.66921816842187
14.046822742474916,65.92481922907588
14.548494983277592,62.32893481840183
15.050167224080267,64.5777274354657
15.551839464882944,67.40979475253707
16.05351170568562,64.7526627344824
16.555183946488295,66.25291554605562
17.05685618729097,67.50103199775779
17.558528428093645,67.38825162780643
18.06020066889632,74.48363186600106
18.561872909698998,79.36583938929644
19.06354515050167,77.74449255950853
19.565217391304348,85.00573729483185
20.066889632107024,85.64709770080839
20.568561872909697,82.51865991948678
21.070234113712374,88.81230162216968
21.57190635451505,84.85031762808616
22.073578595317727,92.47346217553805
22.5752508361204,92.05383909376403
23.076923076923077,94.37603175004932
23.578595317725753,95.72600340489406
24.080267558528426,95.93686136369828
24.581939799331103,92.75890378524066
25.08361204013378,97.70101185747065
25.585284280936456,101.21890541725996
26.08695652173913,102.2869784725816
26.588628762541806,114.26868918670868
27.090301003344482,106.99866171367263
27.59197324414716,109.0539702143193
28.093645484949832,117.15630019611046
28.59531772575251,115.35039083370984
29.096989966555185,119.1305676569968
29.598662207357858,118.69057374404765
30.100334448160535,118.04391391981005
30.60200668896321,125.94269792109988
31.103678929765888,128.30974932512612
31.60535117056856,125.70325346763485
32.10702341137124,128.2124769206153
32.608695652173914,134.5322140247856
33.11036789297659,132.15498465727129
33.61204013377927,138.75159100113973
34.11371237458194,140.17173749512202
34.61538461538461,139.22764614817095
35.11705685618729,142.88061653118555
35.618729096989966,139.39051082659708
36.12040133779264,145.05072687768413
36.62207357859532,153.36915859811623
37.123745819397996,148.8421546546569
37.625418060200666,155.40007923131373
38.12709030100334,155.68942950378917
38.62876254180602,156.22675919710932
39.130434782608695,159.83104115754827
39.63210702341137,166.19386220192928
40.13377926421405,163.51612122680854
40.635451505016725,166.86874469801185
41.137123745819395,167.3107166860336
41.63879598662207,169.94930453292085
42.14046822742475,172.23277743995013
42.642140468227424,176.12831410352794
43.1438127090301,177.74960338125987
43.64548494983278,183.99897208250908
44.147157190635454,178.50735789408225
44.64882943143812,181.58066689174393
45.1505016722408,188.37148920045257
45.65217391304348,185.15228454525024
46.15384615384615,186.2739172099581
46.65551839464883,188.96754070062062
47.15719063545151,189.84840770889355
47.65886287625418,192.17507780430546
48.16053511705685,200.95094195582922
48.66220735785953,193.6449334979978
49.163879598662206,200.52291029582716
49.66555183946488,197.91953833115394
50.16722408026756,197.60265721527819
50.668896321070235,199.64051298952228
51.17056856187291,203.6277300634825
51.67224080267559,207.86099537959092
52.17391304347826,211.7731857117408
52.675585284280935,211.54931808638665
53.17725752508361,212.59649329321385
53.67892976588629,208.68392754580796
54.180602006688964,215.86776071550818
54.68227424749164,220.0944370985457
55.18394648829432,219.79924035174
55.68561872909699,228.23843667820285
56.187290969899664,228.720176218795
56.68896321070234,226.0331185954818
57.19063545150502,228.4574817226419
57.69230769230769,234.1258668537384
58.19397993311037,233.15807901363556
58.69565217391305,230.16416547372637
59.197324414715716,237.0184232792733
59.69899665551839,238.99312044640885
60.20066889632107,240.8501933069655
60.702341137123746,245.20765170636682
61.20401337792642,242.4569417116345
61.7056856187291,245.7016951312956
62.207357859531776,252.94814070884257
62.709030100334445,248.33876318542482
63.21070234113712,252.28462098000279
63.7123745819398,256.297029845299
64.21404682274247,258.4637919537927
64.71571906354515,258.70886758324133
65.21739130434783,262.62040844871666
65.7190635451505,261.26439717557355
66.22073578595318,264.37527109916374
66.72240802675586,272.2844687803229
67.22408026755853,271.7250445378234
67.72575250836121,271.82868909021823
68.22742474916387,277.85225460828104
68.72909698996655,276.70049876680025
69.23076923076923,281.0145093591032
69.7324414715719,280.9201187352714
70.23411371237458,278.447157923161
70.73578595317726,282.17316794138264
71.23745819397993,287.05059245802465
71.73913043478261,287.51020099724525
72.24080267558529,295.07789074271835
72.74247491638796,291.47347677675054
73.24414715719064,290.943894918016
73.74581939799332,295.0422991308963
74.24749163879599,297.613189167703
74.74916387959867,304.2208122927069
75.25083612040133,306.37969000627163
75.75250836120401,307.1130296273816
76.25418060200668,308.0357793412925
76.75585284280936,308.4104835929718
77.25752508361204,313.26342751837757
77.75919732441471,310.079257085688
78.26086956521739,317.2809954226068
78.76254180602007,320.60951289198357
79.26421404682274,316.1735184515771
79.76588628762542,315.09550456666
80.2675585284281,319.1947465579912
80.76923076923077,327.60116934157804
81.27090301003345,325.29918053084464
81.77257525083613,329.4289203324527
82.27424749163879,328.9680889466472
82.77591973244147,336.07533879347716
83.27759197324414,333.40354638012406
83.77926421404682,335.40571412293826
84.2809364548495,337.5013758923057
84.78260869565217,340.34449552121373
85.28428093645485,344.8320166245133
85.78595317725753,342.2730372299941
86.2876254180602,343.4956243931887
86.78929765886288,348.5100415880525
87.29096989966555,352.3834157225651
87.79264214046823,351.3785675196652
88.29431438127091,353.8314176938502
88.79598662207358,351.5976914903113
89.29765886287625,358.89427807209876
89.79933110367892,358.9672747753556
90.3010033444816,361.15432584078957
90.80267558528428,365.89211724097316
91.30434782608695,365.0720552388938
91.80602006688963,369.6961131639571
92.3076923076923,372.04186861074584
92.80936454849498,370.74806188363937
93.31103678929766,379.39842903774945
93.81270903010034,378.5163798228831
94.31438127090301,376.47884962281796
94.81605351170569,381.9850311386261
95.31772575250837,381.50872562705894
95.81939799331104,389.2878985762307
96.3210702341137,383.35256734515997
96.82274247491638,391.82948871985417
97.32441471571906,393.08613601287703
97.82608695652173,389.1738331917155
98.32775919732441,393.5026928070454
98.82943143812709,396.70870817267536
99.33110367892976,398.1767665834349
99.83277591973244,394.96442804165395
100.33444816053512,401.4169885308642
100.8361204013378,403.2040578027424
101.33779264214047,406.90067744479296
101.83946488294315,409.4114647928571
102.34113712374582,410.43988150084584
102.8428093645485,417.02171656126313
103.34448160535118,414.90051684064065
103.84615384615384,420.4320343670824
104.34782608695652,420.7868368210092
104.84949832775919,422.74796815412304
105.35117056856187,422.7717191156527
105.85284280936455,419.60570929469446
106.35451505016722,432.6756072296323
106.8561872909699,426.232302014838
107.35785953177258,431.2093507808
107.85953177257525,433.6368504545978
108.36120401337793,438.27010290237746
108.8628762541806,437.6772730402273
109.36454849498328,441.6428582694622
109.86622073578596,439.356996586348
110.36789297658864,437.5607036874961
110.8695652173913,442.2928662248654
111.37123745819397,447.69182114796604
111.87290969899665,453.1189923085041
112.37458193979933,452.5544613753691
112.876254180602,454.85361754857445
113.37792642140468,459.2210364016109
113.87959866220736,455.50913310557564
114.38127090301003,459.1395052579964
114.88294314381271,464.4419265767738
115.38461538461539,465.1920236588156
115.88628762541806,466.39845731511605
116.38795986622074,468.44751270831784
116.88963210702342,463.1382998856849
117.3913043478261,469.65094913577246
117.89297658862876,473.1462019967446
118.39464882943143,476.72426922013886
118.89632107023411,477.1172879398686
119.39799331103679,478.0920806215663
119.89966555183946,482.55599780206705
120.40133779264214,481.7551502831538
120.90301003344482,486.2244791631421
121.40468227424749,484.4620338964865
121.90635451505017,492.0173534008257
122.40802675585284,492.9374126369751
122.90969899665552,491.3544451800339
123.4113712374582,492.0289821994875
123.91304347826087,498.6562392998036
124.41471571906355,497.91794959174973
124.91638795986621,500.7985960056698
125.41806020066889,502.90775113002513
125.91973244147157,499.7415600597706
126.42140468227424,507.35547954399027
126.92307692307692,509.8442884096715
127.4247491638796,512.9109614925164
127.92642140468227,516.462464255023
128.42809364548495,516.0075826738147
128.9297658862876,513.0389930351873
129.4314381270903,526.0380400930915
129.93311036789297,519.6571213073911
130.43478260869566,521.6372346521478
130.93645484949832,530.4625501420868
131.438127090301,528.9756249559783
131.93979933110367,529.0372919671252
132.44147157190636,528.5952274792633
132.94314381270902,536.5056429239366
133.44481605351172,540.0248682393216
133.94648829431438,540.8205103378367
134.44816053511707,543.5102159569502
134.94983277591973,543.571829092546
135.45150501672242,541.7781392817536
135.95317725752508,544.1346143702208
136.45484949832775,547.3821292784875
136.95652173913044,549.0674831572571
137.4581939799331,550.6115889985041
137.9598662207358,549.5880772711879
138.46153846153845,554.5794956033848
138.96321070234114,555.6558213391259
139.4648829431438,559.1216935633344
139.9665551839465,566.835306454049
140.46822742474916,563.3700868039772
140.96989966555185,567.8835080201807
141.4715719063545,563.672895725814
141.9732441471572,567.9581949150504
142.47491638795987,573.5342986113834
142.97658862876253,576.2914490709613
143.47826086956522,574.9162953339185
143.97993311036788,580.4827628560912
144.48160535117057,578.3427041668367
144.98327759197323,584.9352519369418
145.48494983277592,582.1765130060267
145.9866220735786,589.8112342444961
146.48829431438128,587.4815976992362
146.98996655518394,589.6250215832229
147.49163879598663,589.0754657862257
147.9933110367893,595.2811554487923
148.49498327759198,591.9657745926473
148.99665551839465,602.3636581733693
149.49832775919734,601.1976647063045
150.0,604.6750779956013